#config
pixel_size,40
image_width,1280
image_height,720
highlight_color,0,255,255
highlight_transparency,0.5
randomize_images,0
line_width,1
radio_buttons,0
textbox_label,notes if any
results_save,1
savefilename,../results/demo.txt
confirmation_code,demo
taskcode,demo
#selection
../images/demo/img_127.jpg,208,209,223,224,225,226,227,228,241,242,243,244,245,261,262,263,279,280,281,298,316,317,334,335,386,387,388,402,403,404,405,420,421,422,423
../images/demo/img_215.jpg,193,211,225,226,229,241,242,243,244,247,248,259,260,261,262,265,266,276,277,278,279,280,282,283,284,294,295,296,297,298,299,300,301,302,312,313,314,315,316,317,318,319,320,330,331,332,333,334,335,336,337,338,348,349,350,351,352,353,354,355,356,367,368,369,370,371,372,373,374,386,387,388,389,390,391,405,406,407,408,409
../images/demo/img_3.jpg,137,154,155,172,173,174,175,191,192,193,209,210,227,228,229,245
../images/demo/img_355.jpg,283,284,285,300,301,302,303,313,314,315,316,317,318,319,320,321,331,332,333,334,335,336,337,338,339,340,349,350,351,352,353,354,355,356,357,358,372,373,374,375,376,391
../images/demo/img_537.jpg,185,186,187,203,204,205,221,222,223,294,295,312,313,349,350,367,368,369,385,386
#end
#textbox
../images/demo/img_127.jpg,
../images/demo/img_215.jpg,
../images/demo/img_3.jpg,
../images/demo/img_355.jpg,
../images/demo/img_537.jpg,
#end